2.5596 0.0086 0.3979 0.4979
2.5596 0.0321 0.9344 0.8246
2.5862 0.0805 1.4904 0.8339
2.8821 0.0981 1.8468 0.6513
3.2114 0.1875 2.0679 0.5886
3.2114 0.1133 2.2137 0.6683
3.2115 0.1076 2.3775 0.5799
3.2115 0.0873 2.3480 0.5764
3.2115 0.2474 2.4539 0.5204
3.2116 0.2474 2.5175 0.3969
3.8954 0.2474 2.5639 0.3920
3.8954 0.1349 2.4446 0.6503
4.4174 1.8202 2.6304 0.3907
4.4174 0.2474 2.6968 0.5897
5.5225 1.8202 2.8787 0.7910
5.5225 2.0537 3.1262 0.8671
5.5225 0.2474 3.2425 0.9484
5.5225 2.0537 3.5462 0.9844
5.5225 1.2700 3.7279 1.0067
5.5225 0.2474 3.7657 1.1208
5.5225 0.0891 3.9729 1.0671
5.5225 0.9007 4.2954 0.9394
5.5225 1.6216 4.5078 0.8504
5.5225 0.1595 4.5016 0.9704
5.5225 1.7064 4.7192 0.7184
5.5225 3.2116 4.8846 0.5930
5.5225 3.2177 4.8752 0.5424
5.5726 2.6971 4.8662 0.5465
5.5726 2.7084 4.9214 0.5477
5.5726 3.2116 4.9934 0.5617
5.5779 4.0365 5.0720 0.4453
5.6810 4.1883 5.0970 0.4468
5.6810 3.0356 5.0486 0.4994
5.6810 0.3846 4.9249 0.7228
5.6810 3.0222 4.9738 0.5447
5.6810 3.0356 5.1211 0.5027
5.6810 3.1155 5.0944 0.5220
5.6810 2.9071 5.1309 0.5561
5.6810 2.1914 5.0877 0.6935
5.6810 2.5460 5.1789 0.5529
5.6810 3.5536 5.2518 0.4155
5.6810 3.5536 5.2883 0.3610
5.6810 2.1102 5.2730 0.5214
5.6810 3.6526 5.3624 0.3100
5.6810 3.5839 5.3637 0.3450
5.6810 3.5839 5.3114 0.4099
5.8067 3.7654 5.3593 0.3659
5.9167 3.7654 5.2996 0.3840
5.9167 2.4670 5.3738 0.4632
5.9167 4.5196 5.4491 0.2499
5.9167 4.4447 5.4361 0.2875
5.9167 4.5196 5.4921 0.2470
5.9167 2.5088 5.4948 0.3597
5.9167 4.3820 5.5169 0.2165
5.9167 0.2899 5.3949 0.6786
5.9167 3.0222 5.4381 0.3743
5.9167 4.4701 5.4724 0.2574
5.9376 4.4701 5.4576 0.2695
5.9376 4.2762 5.4398 0.3118
5.9376 4.3258 5.4105 0.3520
5.9478 0.6466 5.2679 0.7138
5.9478 0.6466 5.3077 0.6618
5.9478 2.6432 5.3888 0.4848
5.9478 3.2177 5.3579 0.5117
6.0096 4.2148 5.4023 0.4520
6.0612 3.3878 5.4041 0.4753
6.0612 3.3878 5.4268 0.4605
6.0612 0.9901 5.4275 0.5735
6.0612 4.4497 5.5009 0.3413
6.1231 3.8253 5.5447 0.3153
6.1231 1.0946 5.4770 0.6436
6.1231 4.2546 5.5753 0.3722
6.1231 4.3686 5.5677 0.3767
6.1231 4.3686 5.5745 0.3849
6.1231 0.3288 5.5523 0.6776
6.1231 1.6539 5.5848 0.5612
6.1231 2.0739 5.6394 0.4907
6.1231 3.2871 5.6268 0.4271
6.1231 4.0386 5.6797 0.3508
6.1231 2.0378 5.5391 0.6225
6.1231 2.1109 5.5015 0.6979
6.1231 1.9686 5.4783 0.7004
6.1231 1.9686 5.5249 0.7064
6.1231 1.9686 5.6148 0.7304
6.1231 1.7899 5.5892 0.7719
6.1231 1.7899 5.6234 0.7330
6.1231 2.4502 5.6989 0.5294
6.1231 1.6440 5.6149 0.7690
6.1231 3.0421 5.7394 0.5253
6.1231 5.3807 5.8274 0.2026
6.1231 4.2762 5.8285 0.2842
6.1231 5.3719 5.8624 0.2042
6.1231 3.5641 5.8403 0.3053
6.1231 2.8012 5.7816 0.4681
6.1231 2.8012 5.7219 0.6829
6.1231 0.3182 5.6776 0.8964
6.1231 2.8012 5.7394 0.6969
6.1231 3.8225 5.7992 0.4882
6.1231 4.2615 5.8172 0.4572
6.1231 3.1872 5.7390 0.5673
